  0.50000000E-03  0.10000000E+01
  0.15000000E-02  0.10000000E+01
  0.25000000E-02  0.10000000E+01
  0.35000000E-02  0.10000000E+01
  0.45000000E-02  0.10000000E+01
  0.55000000E-02  0.10000000E+01
  0.65000000E-02  0.10000000E+01
  0.75000000E-02  0.10000000E+01
  0.85000000E-02  0.10000000E+01
  0.95000000E-02  0.10000000E+01
  0.10500000E-01  0.10000000E+01
  0.11500000E-01  0.10000000E+01
  0.12500000E-01  0.10000000E+01
  0.13500000E-01  0.10000000E+01
  0.14500000E-01  0.10000000E+01
  0.15500000E-01  0.10000000E+01
  0.16500000E-01  0.10000000E+01
  0.17500000E-01  0.10000000E+01
  0.18500000E-01  0.10000000E+01
  0.19500000E-01  0.10000000E+01
  0.20500000E-01  0.10000000E+01
  0.21500000E-01  0.10000000E+01
  0.22500000E-01  0.10000000E+01
  0.23500000E-01  0.10000000E+01
  0.24500000E-01  0.10000000E+01
  0.25500000E-01  0.10000000E+01
  0.26500000E-01  0.10000000E+01
  0.27500000E-01  0.10000000E+01
  0.28500000E-01  0.10000000E+01
  0.29500000E-01  0.10000000E+01
  0.30500000E-01  0.10000000E+01
  0.31500000E-01  0.10000000E+01
  0.32500000E-01  0.10000000E+01
  0.33500000E-01  0.10000000E+01
  0.34500000E-01  0.10000000E+01
  0.35500000E-01  0.10000000E+01
  0.36500000E-01  0.10000000E+01
  0.37500000E-01  0.10000000E+01
  0.38500000E-01  0.10000000E+01
  0.39500000E-01  0.10000000E+01
  0.40500000E-01  0.10000000E+01
  0.41500000E-01  0.10000000E+01
  0.42500000E-01  0.10000000E+01
  0.43500000E-01  0.10000000E+01
  0.44500000E-01  0.10000000E+01
  0.45500000E-01  0.10000000E+01
  0.46500000E-01  0.10000000E+01
  0.47500000E-01  0.10000000E+01
  0.48500000E-01  0.10000000E+01
  0.49500000E-01  0.10000000E+01
  0.50500000E-01  0.10000000E+01
  0.51500000E-01  0.10000000E+01
  0.52500000E-01  0.10000000E+01
  0.53500000E-01  0.10000000E+01
  0.54500000E-01  0.10000000E+01
  0.55500000E-01  0.10000000E+01
  0.56500000E-01  0.10000000E+01
  0.57500000E-01  0.10000000E+01
  0.58500000E-01  0.10000000E+01
  0.59500000E-01  0.10000000E+01
  0.60500000E-01  0.10000000E+01
  0.61500000E-01  0.10000000E+01
  0.62500000E-01  0.10000000E+01
  0.63500000E-01  0.10000000E+01
  0.64500000E-01  0.10000000E+01
  0.65500000E-01  0.10000000E+01
  0.66500000E-01  0.10000000E+01
  0.67500000E-01  0.10000000E+01
  0.68500000E-01  0.10000000E+01
  0.69500000E-01  0.10000000E+01
  0.70500000E-01  0.10000000E+01
  0.71500000E-01  0.10000000E+01
  0.72500000E-01  0.10000000E+01
  0.73500000E-01  0.10000000E+01
  0.74500000E-01  0.10000000E+01
  0.75500000E-01  0.10000000E+01
  0.76500000E-01  0.10000000E+01
  0.77500000E-01  0.10000000E+01
  0.78500000E-01  0.10000000E+01
  0.79500000E-01  0.10000000E+01
  0.80500000E-01  0.10000000E+01
  0.81500000E-01  0.10000000E+01
  0.82500000E-01  0.10000000E+01
  0.83500000E-01  0.10000000E+01
  0.84500000E-01  0.10000000E+01
  0.85500000E-01  0.10000000E+01
  0.86500000E-01  0.10000000E+01
  0.87500000E-01  0.10000000E+01
  0.88500000E-01  0.99777489E+00
  0.89500000E-01  0.99481083E+00
  0.90500000E-01  0.99185118E+00
  0.91500000E-01  0.98889594E+00
  0.92500000E-01  0.98594511E+00
  0.93500000E-01  0.98299868E+00
  0.94500000E-01  0.98005667E+00
  0.95500000E-01  0.97711907E+00
  0.96500000E-01  0.97418587E+00
  0.97500000E-01  0.97125709E+00
  0.98500000E-01  0.96833271E+00
  0.99500000E-01  0.96541274E+00
  0.10050000E+00  0.96249718E+00
  0.10150000E+00  0.95958604E+00
  0.10250000E+00  0.95667930E+00
  0.10350000E+00  0.95377697E+00
  0.10450000E+00  0.95087904E+00
  0.10550000E+00  0.94798553E+00
  0.10650000E+00  0.94509643E+00
  0.10750000E+00  0.94221173E+00
  0.10850000E+00  0.93933145E+00
  0.10950000E+00  0.93645557E+00
  0.11050000E+00  0.93358411E+00
  0.11150000E+00  0.93071705E+00
  0.11250000E+00  0.92785440E+00
  0.11350000E+00  0.92499616E+00
  0.11450000E+00  0.92214233E+00
  0.11550000E+00  0.91929291E+00
  0.11650000E+00  0.91644790E+00
  0.11750000E+00  0.91360730E+00
  0.11850000E+00  0.91077110E+00
  0.11950000E+00  0.90793932E+00
  0.12050000E+00  0.90511195E+00
  0.12150000E+00  0.90228898E+00
  0.12250000E+00  0.89947042E+00
  0.12350000E+00  0.89665628E+00
  0.12450000E+00  0.89384654E+00
  0.12550000E+00  0.89104121E+00
  0.12650000E+00  0.88824029E+00
  0.12750000E+00  0.88544378E+00
  0.12850000E+00  0.88265168E+00
  0.12950000E+00  0.87986399E+00
  0.13050000E+00  0.87708070E+00
  0.13150000E+00  0.87430183E+00
  0.13250000E+00  0.87152736E+00
  0.13350000E+00  0.86875731E+00
  0.13450000E+00  0.86599166E+00
  0.13550000E+00  0.86323042E+00
  0.13650000E+00  0.86047360E+00
  0.13750000E+00  0.85772118E+00
  0.13850000E+00  0.85497317E+00
  0.13950000E+00  0.85222957E+00
  0.14050000E+00  0.84949038E+00
  0.14150000E+00  0.84675559E+00
  0.14250000E+00  0.84402522E+00
  0.14350000E+00  0.84129926E+00
  0.14450000E+00  0.83857770E+00
  0.14550000E+00  0.83586056E+00
  0.14650000E+00  0.83314782E+00
  0.14750000E+00  0.83043949E+00
  0.14850000E+00  0.82773557E+00
  0.14950000E+00  0.82503607E+00
  0.15050000E+00  0.82234097E+00
  0.15150000E+00  0.81965028E+00
  0.15250000E+00  0.81696399E+00
  0.15350000E+00  0.81428212E+00
  0.15450000E+00  0.81160466E+00
  0.15550000E+00  0.80893161E+00
  0.15650000E+00  0.80626296E+00
  0.15750000E+00  0.80359873E+00
  0.15850000E+00  0.80093890E+00
  0.15950000E+00  0.79828348E+00
  0.16050000E+00  0.79563247E+00
  0.16150000E+00  0.79298587E+00
  0.16250000E+00  0.79034369E+00
  0.16350000E+00  0.78770590E+00
  0.16450000E+00  0.78507253E+00
  0.16550000E+00  0.78244357E+00
  0.16650000E+00  0.77981902E+00
  0.16750000E+00  0.77719887E+00
  0.16850000E+00  0.77458314E+00
  0.16950000E+00  0.77197181E+00
  0.17050000E+00  0.76936490E+00
  0.17150000E+00  0.76676239E+00
  0.17250000E+00  0.76416429E+00
  0.17350000E+00  0.76157060E+00
  0.17450000E+00  0.75898132E+00
  0.17550000E+00  0.75639645E+00
  0.17650000E+00  0.75381599E+00
  0.17750000E+00  0.75123994E+00
  0.17850000E+00  0.74866830E+00
  0.17950000E+00  0.74610106E+00
  0.18050000E+00  0.74353824E+00
  0.18150000E+00  0.74097982E+00
  0.18250000E+00  0.73842582E+00
  0.18350000E+00  0.73587622E+00
  0.18450000E+00  0.73333103E+00
  0.18550000E+00  0.73079025E+00
  0.18650000E+00  0.72825389E+00
  0.18750000E+00  0.72572193E+00
  0.18850000E+00  0.72319437E+00
  0.18950000E+00  0.72067123E+00
  0.19050000E+00  0.71815250E+00
  0.19150000E+00  0.71563818E+00
  0.19250000E+00  0.71312826E+00
  0.19350000E+00  0.71062276E+00
  0.19450000E+00  0.70812166E+00
  0.19550000E+00  0.70562497E+00
  0.19650000E+00  0.70313269E+00
  0.19750000E+00  0.70064483E+00
  0.19850000E+00  0.69816137E+00
  0.19950000E+00  0.69568232E+00
  0.20050000E+00  0.69320768E+00
  0.20150000E+00  0.69073744E+00
  0.20250000E+00  0.68827162E+00
  0.20350000E+00  0.68581021E+00
  0.20450000E+00  0.68335320E+00
  0.20550000E+00  0.68090061E+00
  0.20650000E+00  0.67845242E+00
  0.20750000E+00  0.67600864E+00
  0.20850000E+00  0.67356928E+00
  0.20950000E+00  0.67113432E+00
  0.21050000E+00  0.66870377E+00
  0.21150000E+00  0.66627763E+00
  0.21250000E+00  0.66385590E+00
  0.21350000E+00  0.66143857E+00
  0.21450000E+00  0.65902566E+00
  0.21550000E+00  0.65661716E+00
  0.21650000E+00  0.65421306E+00
  0.21750000E+00  0.65181338E+00
  0.21850000E+00  0.64941810E+00
  0.21950000E+00  0.64702724E+00
  0.22050000E+00  0.64464078E+00
  0.22150000E+00  0.64225873E+00
  0.22250000E+00  0.63988109E+00
  0.22350000E+00  0.63750786E+00
  0.22450000E+00  0.63513904E+00
  0.22550000E+00  0.63277463E+00
  0.22650000E+00  0.63041462E+00
  0.22750000E+00  0.62805903E+00
  0.22850000E+00  0.62570785E+00
  0.22950000E+00  0.62336107E+00
  0.23050000E+00  0.62101871E+00
  0.23150000E+00  0.61868075E+00
  0.23250000E+00  0.61634720E+00
  0.23350000E+00  0.61401806E+00
  0.23450000E+00  0.61169333E+00
  0.23550000E+00  0.60937301E+00
  0.23650000E+00  0.60705710E+00
  0.23750000E+00  0.60474560E+00
  0.23850000E+00  0.60243851E+00
  0.23950000E+00  0.60013582E+00
  0.24050000E+00  0.59783755E+00
  0.24150000E+00  0.59554369E+00
  0.24250000E+00  0.59325423E+00
  0.24350000E+00  0.59096918E+00
  0.24450000E+00  0.58868854E+00
  0.24550000E+00  0.58641232E+00
  0.24650000E+00  0.58414050E+00
  0.24750000E+00  0.58187309E+00
  0.24850000E+00  0.57961009E+00
  0.24950000E+00  0.57735149E+00
  0.25050000E+00  0.57509731E+00
  0.25150000E+00  0.57284754E+00
  0.25250000E+00  0.57060217E+00
  0.25350000E+00  0.56836122E+00
  0.25450000E+00  0.56612467E+00
  0.25550000E+00  0.56389254E+00
  0.25650000E+00  0.56166481E+00
  0.25750000E+00  0.55944149E+00
  0.25850000E+00  0.55722258E+00
  0.25950000E+00  0.55500808E+00
  0.26050000E+00  0.55279799E+00
  0.26150000E+00  0.55059231E+00
  0.26250000E+00  0.54839104E+00
  0.26350000E+00  0.54619417E+00
  0.26450000E+00  0.54400172E+00
  0.26550000E+00  0.54181367E+00
  0.26650000E+00  0.53963004E+00
  0.26750000E+00  0.53745081E+00
  0.26850000E+00  0.53527599E+00
  0.26950000E+00  0.53310559E+00
  0.27050000E+00  0.53093959E+00
  0.27150000E+00  0.52877800E+00
  0.27250000E+00  0.52662082E+00
  0.27350000E+00  0.52446804E+00
  0.27450000E+00  0.52231968E+00
  0.27550000E+00  0.52017573E+00
  0.27650000E+00  0.51803618E+00
  0.27750000E+00  0.51590105E+00
  0.27850000E+00  0.51377032E+00
  0.27950000E+00  0.51164401E+00
  0.28050000E+00  0.50952210E+00
  0.28150000E+00  0.50740460E+00
  0.28250000E+00  0.50529151E+00
  0.28350000E+00  0.50318283E+00
  0.28450000E+00  0.50107856E+00
  0.28550000E+00  0.49897870E+00
  0.28650000E+00  0.49688325E+00
  0.28750000E+00  0.49479220E+00
  0.28850000E+00  0.49270557E+00
  0.28950000E+00  0.49062334E+00
  0.29050000E+00  0.48854553E+00
  0.29150000E+00  0.48647212E+00
  0.29250000E+00  0.48440313E+00
  0.29350000E+00  0.48233854E+00
  0.29450000E+00  0.48027836E+00
  0.29550000E+00  0.47822259E+00
  0.29650000E+00  0.47617123E+00
  0.29750000E+00  0.47412428E+00
  0.29850000E+00  0.47208173E+00
  0.29950000E+00  0.47004360E+00
  0.30050000E+00  0.46800988E+00
  0.30150000E+00  0.46598056E+00
  0.30250000E+00  0.46395566E+00
  0.30350000E+00  0.46193516E+00
  0.30450000E+00  0.45991907E+00
  0.30550000E+00  0.45790739E+00
  0.30650000E+00  0.45590012E+00
  0.30750000E+00  0.45389726E+00
  0.30850000E+00  0.45189881E+00
  0.30950000E+00  0.44990477E+00
  0.31050000E+00  0.44791514E+00
  0.31150000E+00  0.44592992E+00
  0.31250000E+00  0.44394910E+00
  0.31350000E+00  0.44197270E+00
  0.31450000E+00  0.44000070E+00
  0.31550000E+00  0.43803312E+00
  0.31650000E+00  0.43606994E+00
  0.31750000E+00  0.43411117E+00
  0.31850000E+00  0.43215681E+00
  0.31950000E+00  0.43020686E+00
  0.32050000E+00  0.42826132E+00
  0.32150000E+00  0.42632019E+00
  0.32250000E+00  0.42438347E+00
  0.32350000E+00  0.42245115E+00
  0.32450000E+00  0.42052325E+00
  0.32550000E+00  0.41859976E+00
  0.32650000E+00  0.41668067E+00
  0.32750000E+00  0.41476599E+00
  0.32850000E+00  0.41285573E+00
  0.32950000E+00  0.41094987E+00
  0.33050000E+00  0.40904842E+00
  0.33150000E+00  0.40715138E+00
  0.33250000E+00  0.40525875E+00
  0.33350000E+00  0.40337053E+00
  0.33450000E+00  0.40148672E+00
  0.33550000E+00  0.39960731E+00
  0.33650000E+00  0.39773232E+00
  0.33750000E+00  0.39586173E+00
  0.33850000E+00  0.39399556E+00
  0.33950000E+00  0.39213379E+00
  0.34050000E+00  0.39027644E+00
  0.34150000E+00  0.38842349E+00
  0.34250000E+00  0.38657495E+00
  0.34350000E+00  0.38473082E+00
  0.34450000E+00  0.38289110E+00
  0.34550000E+00  0.38105579E+00
  0.34650000E+00  0.37922489E+00
  0.34750000E+00  0.37739839E+00
  0.34850000E+00  0.37557631E+00
  0.34950000E+00  0.37375863E+00
  0.35050000E+00  0.37194537E+00
  0.35150000E+00  0.37013651E+00
  0.35250000E+00  0.36833206E+00
  0.35350000E+00  0.36653203E+00
  0.35450000E+00  0.36473640E+00
  0.35550000E+00  0.36294518E+00
  0.35650000E+00  0.36115837E+00
  0.35750000E+00  0.35937597E+00
  0.35850000E+00  0.35759797E+00
  0.35950000E+00  0.35582439E+00
  0.36050000E+00  0.35405522E+00
  0.36150000E+00  0.35229045E+00
  0.36250000E+00  0.35053010E+00
  0.36350000E+00  0.34877415E+00
  0.36450000E+00  0.34702261E+00
  0.36550000E+00  0.34527549E+00
  0.36650000E+00  0.34353277E+00
  0.36750000E+00  0.34179446E+00
  0.36850000E+00  0.34006056E+00
  0.36950000E+00  0.33833107E+00
  0.37050000E+00  0.33660598E+00
  0.37150000E+00  0.33488531E+00
  0.37250000E+00  0.33316905E+00
  0.37350000E+00  0.33145719E+00
  0.37450000E+00  0.32974975E+00
  0.37550000E+00  0.32804671E+00
  0.37650000E+00  0.32634809E+00
  0.37750000E+00  0.32465387E+00
  0.37850000E+00  0.32296406E+00
  0.37950000E+00  0.32127866E+00
  0.38050000E+00  0.31959767E+00
  0.38150000E+00  0.31792109E+00
  0.38250000E+00  0.31624892E+00
  0.38350000E+00  0.31458115E+00
  0.38450000E+00  0.31291780E+00
  0.38550000E+00  0.31125885E+00
  0.38650000E+00  0.30960432E+00
  0.38750000E+00  0.30795419E+00
  0.38850000E+00  0.30630848E+00
  0.38950000E+00  0.30466717E+00
  0.39050000E+00  0.30303027E+00
  0.39150000E+00  0.30139778E+00
  0.39250000E+00  0.29976970E+00
  0.39350000E+00  0.29814603E+00
  0.39450000E+00  0.29652677E+00
  0.39550000E+00  0.29491191E+00
  0.39650000E+00  0.29330147E+00
  0.39750000E+00  0.29169544E+00
  0.39850000E+00  0.29009381E+00
  0.39950000E+00  0.28849659E+00
  0.40050000E+00  0.28690379E+00
  0.40150000E+00  0.28531539E+00
  0.40250000E+00  0.28373140E+00
  0.40350000E+00  0.28215182E+00
  0.40450000E+00  0.28057665E+00
  0.40550000E+00  0.27900589E+00
  0.40650000E+00  0.27743954E+00
  0.40750000E+00  0.27587760E+00
  0.40850000E+00  0.27432006E+00
  0.40950000E+00  0.27276694E+00
  0.41050000E+00  0.27121822E+00
  0.41150000E+00  0.26967392E+00
  0.41250000E+00  0.26813402E+00
  0.41350000E+00  0.26659853E+00
  0.41450000E+00  0.26506745E+00
  0.41550000E+00  0.26354078E+00
  0.41650000E+00  0.26201852E+00
  0.41750000E+00  0.26050067E+00
  0.41850000E+00  0.25898723E+00
  0.41950000E+00  0.25747820E+00
  0.42050000E+00  0.25597358E+00
  0.42150000E+00  0.25447336E+00
  0.42250000E+00  0.25297756E+00
  0.42350000E+00  0.25148616E+00
  0.42450000E+00  0.24999917E+00
  0.42550000E+00  0.24851660E+00
  0.42650000E+00  0.24703843E+00
  0.42750000E+00  0.24556467E+00
  0.42850000E+00  0.24409532E+00
  0.42950000E+00  0.24263038E+00
  0.43050000E+00  0.24116985E+00
  0.43150000E+00  0.23971372E+00
  0.43250000E+00  0.23826201E+00
  0.43350000E+00  0.23681470E+00
  0.43450000E+00  0.23537181E+00
  0.43550000E+00  0.23393332E+00
  0.43650000E+00  0.23249925E+00
  0.43750000E+00  0.23106958E+00
  0.43850000E+00  0.22964432E+00
  0.43950000E+00  0.22822347E+00
  0.44050000E+00  0.22680703E+00
  0.44150000E+00  0.22539500E+00
  0.44250000E+00  0.22398738E+00
  0.44350000E+00  0.22258417E+00
  0.44450000E+00  0.22118536E+00
  0.44550000E+00  0.21979097E+00
  0.44650000E+00  0.21840098E+00
  0.44750000E+00  0.21701541E+00
  0.44850000E+00  0.21666932E+00
  0.44950000E+00  0.21666932E+00
  0.45050000E+00  0.21666932E+00
  0.45150000E+00  0.21666932E+00
  0.45250000E+00  0.21666932E+00
  0.45350000E+00  0.21666932E+00
  0.45450000E+00  0.21666932E+00
  0.45550000E+00  0.21666932E+00
  0.45650000E+00  0.21666932E+00
  0.45750000E+00  0.21666932E+00
  0.45850000E+00  0.21666932E+00
  0.45950000E+00  0.21666932E+00
  0.46050000E+00  0.21666932E+00
  0.46150000E+00  0.21666932E+00
  0.46250000E+00  0.21666932E+00
  0.46350000E+00  0.21666932E+00
  0.46450000E+00  0.21666932E+00
  0.46550000E+00  0.21666932E+00
  0.46650000E+00  0.21666932E+00
  0.46750000E+00  0.21666932E+00
  0.46850000E+00  0.21666932E+00
  0.46950000E+00  0.21666932E+00
  0.47050000E+00  0.21666932E+00
  0.47150000E+00  0.21666932E+00
  0.47250000E+00  0.21666932E+00
  0.47350000E+00  0.21666932E+00
  0.47450000E+00  0.21666932E+00
  0.47550000E+00  0.21666932E+00
  0.47650000E+00  0.21666932E+00
  0.47750000E+00  0.21666932E+00
  0.47850000E+00  0.21666932E+00
  0.47950000E+00  0.21666932E+00
  0.48050000E+00  0.21666932E+00
  0.48150000E+00  0.21666932E+00
  0.48250000E+00  0.21666932E+00
  0.48350000E+00  0.21666932E+00
  0.48450000E+00  0.21666932E+00
  0.48550000E+00  0.21666932E+00
  0.48650000E+00  0.21666932E+00
  0.48750000E+00  0.21666932E+00
  0.48850000E+00  0.21666932E+00
  0.48950000E+00  0.21666932E+00
  0.49050000E+00  0.21666932E+00
  0.49150000E+00  0.21666932E+00
  0.49250000E+00  0.21666932E+00
  0.49350000E+00  0.21666932E+00
  0.49450000E+00  0.21666932E+00
  0.49550000E+00  0.21666932E+00
  0.49650000E+00  0.21666932E+00
  0.49750000E+00  0.21666932E+00
  0.49850000E+00  0.21666932E+00
  0.49950000E+00  0.21666932E+00
  0.50050000E+00  0.21666932E+00
  0.50150000E+00  0.21666932E+00
  0.50250000E+00  0.21666932E+00
  0.50350000E+00  0.21666932E+00
  0.50450000E+00  0.21666932E+00
  0.50550000E+00  0.21666932E+00
  0.50650000E+00  0.21666932E+00
  0.50750000E+00  0.21666932E+00
  0.50850000E+00  0.21666932E+00
  0.50950000E+00  0.21666932E+00
  0.51050000E+00  0.21666932E+00
  0.51150000E+00  0.21666932E+00
  0.51250000E+00  0.21666932E+00
  0.51350000E+00  0.21666932E+00
  0.51450000E+00  0.21666932E+00
  0.51550000E+00  0.21666932E+00
  0.51650000E+00  0.21666932E+00
  0.51750000E+00  0.21666932E+00
  0.51850000E+00  0.21666932E+00
  0.51950000E+00  0.21666932E+00
  0.52050000E+00  0.21666932E+00
  0.52150000E+00  0.21666932E+00
  0.52250000E+00  0.21666932E+00
  0.52350000E+00  0.21666932E+00
  0.52450000E+00  0.21666932E+00
  0.52550000E+00  0.21666932E+00
  0.52650000E+00  0.21666932E+00
  0.52750000E+00  0.21666932E+00
  0.52850000E+00  0.21666932E+00
  0.52950000E+00  0.21666932E+00
  0.53050000E+00  0.21666932E+00
  0.53150000E+00  0.21666932E+00
  0.53250000E+00  0.21666932E+00
  0.53350000E+00  0.21666932E+00
  0.53450000E+00  0.21666932E+00
  0.53550000E+00  0.21666932E+00
  0.53650000E+00  0.21666932E+00
  0.53750000E+00  0.21666932E+00
  0.53850000E+00  0.21666932E+00
  0.53950000E+00  0.21666932E+00
  0.54050000E+00  0.21666932E+00
  0.54150000E+00  0.21666932E+00
  0.54250000E+00  0.21666932E+00
  0.54350000E+00  0.21666932E+00
  0.54450000E+00  0.21666932E+00
  0.54550000E+00  0.21666932E+00
  0.54650000E+00  0.21666932E+00
  0.54750000E+00  0.21666932E+00
  0.54850000E+00  0.21666932E+00
  0.54950000E+00  0.21666932E+00
  0.55050000E+00  0.21666932E+00
  0.55150000E+00  0.21666932E+00
  0.55250000E+00  0.21701541E+00
  0.55350000E+00  0.21840098E+00
  0.55450000E+00  0.21979097E+00
  0.55550000E+00  0.22118536E+00
  0.55650000E+00  0.22258417E+00
  0.55750000E+00  0.22398738E+00
  0.55850000E+00  0.22539500E+00
  0.55950000E+00  0.22680703E+00
  0.56050000E+00  0.22822347E+00
  0.56150000E+00  0.22964432E+00
  0.56250000E+00  0.23106958E+00
  0.56350000E+00  0.23249925E+00
  0.56450000E+00  0.23393332E+00
  0.56550000E+00  0.23537181E+00
  0.56650000E+00  0.23681470E+00
  0.56750000E+00  0.23826201E+00
  0.56850000E+00  0.23971372E+00
  0.56950000E+00  0.24116985E+00
  0.57050000E+00  0.24263038E+00
  0.57150000E+00  0.24409532E+00
  0.57250000E+00  0.24556467E+00
  0.57350000E+00  0.24703843E+00
  0.57450000E+00  0.24851660E+00
  0.57550000E+00  0.24999917E+00
  0.57650000E+00  0.25148616E+00
  0.57750000E+00  0.25297756E+00
  0.57850000E+00  0.25447336E+00
  0.57950000E+00  0.25597358E+00
  0.58050000E+00  0.25747820E+00
  0.58150000E+00  0.25898723E+00
  0.58250000E+00  0.26050067E+00
  0.58350000E+00  0.26201852E+00
  0.58450000E+00  0.26354078E+00
  0.58550000E+00  0.26506745E+00
  0.58650000E+00  0.26659853E+00
  0.58750000E+00  0.26813402E+00
  0.58850000E+00  0.26967392E+00
  0.58950000E+00  0.27121822E+00
  0.59050000E+00  0.27276694E+00
  0.59150000E+00  0.27432006E+00
  0.59250000E+00  0.27587760E+00
  0.59350000E+00  0.27743954E+00
  0.59450000E+00  0.27900589E+00
  0.59550000E+00  0.28057665E+00
  0.59650000E+00  0.28215182E+00
  0.59750000E+00  0.28373140E+00
  0.59850000E+00  0.28531539E+00
  0.59950000E+00  0.28690379E+00
  0.60050000E+00  0.28849659E+00
  0.60150000E+00  0.29009381E+00
  0.60250000E+00  0.29169544E+00
  0.60350000E+00  0.29330147E+00
  0.60450000E+00  0.29491191E+00
  0.60550000E+00  0.29652677E+00
  0.60650000E+00  0.29814603E+00
  0.60750000E+00  0.29976970E+00
  0.60850000E+00  0.30139778E+00
  0.60950000E+00  0.30303027E+00
  0.61050000E+00  0.30466717E+00
  0.61150000E+00  0.30630848E+00
  0.61250000E+00  0.30795419E+00
  0.61350000E+00  0.30960432E+00
  0.61450000E+00  0.31125885E+00
  0.61550000E+00  0.31291780E+00
  0.61650000E+00  0.31458115E+00
  0.61750000E+00  0.31624892E+00
  0.61850000E+00  0.31792109E+00
  0.61950000E+00  0.31959767E+00
  0.62050000E+00  0.32127866E+00
  0.62150000E+00  0.32296406E+00
  0.62250000E+00  0.32465387E+00
  0.62350000E+00  0.32634809E+00
  0.62450000E+00  0.32804671E+00
  0.62550000E+00  0.32974975E+00
  0.62650000E+00  0.33145719E+00
  0.62750000E+00  0.33316905E+00
  0.62850000E+00  0.33488531E+00
  0.62950000E+00  0.33660598E+00
  0.63050000E+00  0.33833107E+00
  0.63150000E+00  0.34006056E+00
  0.63250000E+00  0.34179446E+00
  0.63350000E+00  0.34353277E+00
  0.63450000E+00  0.34527549E+00
  0.63550000E+00  0.34702261E+00
  0.63650000E+00  0.34877415E+00
  0.63750000E+00  0.35053010E+00
  0.63850000E+00  0.35229045E+00
  0.63950000E+00  0.35405522E+00
  0.64050000E+00  0.35582439E+00
  0.64150000E+00  0.35759797E+00
  0.64250000E+00  0.35937597E+00
  0.64350000E+00  0.36115837E+00
  0.64450000E+00  0.36294518E+00
  0.64550000E+00  0.36473640E+00
  0.64650000E+00  0.36653203E+00
  0.64750000E+00  0.36833206E+00
  0.64850000E+00  0.37013651E+00
  0.64950000E+00  0.37194537E+00
  0.65050000E+00  0.37375863E+00
  0.65150000E+00  0.37557631E+00
  0.65250000E+00  0.37739839E+00
  0.65350000E+00  0.37922489E+00
  0.65450000E+00  0.38105579E+00
  0.65550000E+00  0.38289110E+00
  0.65650000E+00  0.38473082E+00
  0.65750000E+00  0.38657495E+00
  0.65850000E+00  0.38842349E+00
  0.65950000E+00  0.39027644E+00
  0.66050000E+00  0.39213379E+00
  0.66150000E+00  0.39399556E+00
  0.66250000E+00  0.39586173E+00
  0.66350000E+00  0.39773232E+00
  0.66450000E+00  0.39960731E+00
  0.66550000E+00  0.40148672E+00
  0.66650000E+00  0.40337053E+00
  0.66750000E+00  0.40525875E+00
  0.66850000E+00  0.40715138E+00
  0.66950000E+00  0.40904842E+00
  0.67050000E+00  0.41094987E+00
  0.67150000E+00  0.41285573E+00
  0.67250000E+00  0.41476599E+00
  0.67350000E+00  0.41668067E+00
  0.67450000E+00  0.41859976E+00
  0.67550000E+00  0.42052325E+00
  0.67650000E+00  0.42245115E+00
  0.67750000E+00  0.42438347E+00
  0.67850000E+00  0.42632019E+00
  0.67950000E+00  0.42826132E+00
  0.68050000E+00  0.43020686E+00
  0.68150000E+00  0.43215681E+00
  0.68250000E+00  0.43411117E+00
  0.68350000E+00  0.43606994E+00
  0.68450000E+00  0.43803312E+00
  0.68550000E+00  0.44000070E+00
  0.68650000E+00  0.44197270E+00
  0.68750000E+00  0.44394910E+00
  0.68850000E+00  0.44592992E+00
  0.68950000E+00  0.44791514E+00
  0.69050000E+00  0.44990477E+00
  0.69150000E+00  0.45189881E+00
  0.69250000E+00  0.45389726E+00
  0.69350000E+00  0.45590012E+00
  0.69450000E+00  0.45790739E+00
  0.69550000E+00  0.45991907E+00
  0.69650000E+00  0.46193516E+00
  0.69750000E+00  0.46395566E+00
  0.69850000E+00  0.46598056E+00
  0.69950000E+00  0.46800988E+00
  0.70050000E+00  0.47004360E+00
  0.70150000E+00  0.47208173E+00
  0.70250000E+00  0.47412428E+00
  0.70350000E+00  0.47617123E+00
  0.70450000E+00  0.47822259E+00
  0.70550000E+00  0.48027836E+00
  0.70650000E+00  0.48233854E+00
  0.70750000E+00  0.48440313E+00
  0.70850000E+00  0.48647212E+00
  0.70950000E+00  0.48854553E+00
  0.71050000E+00  0.49062334E+00
  0.71150000E+00  0.49270557E+00
  0.71250000E+00  0.49479220E+00
  0.71350000E+00  0.49688325E+00
  0.71450000E+00  0.49897870E+00
  0.71550000E+00  0.50107856E+00
  0.71650000E+00  0.50318283E+00
  0.71750000E+00  0.50529151E+00
  0.71850000E+00  0.50740460E+00
  0.71950000E+00  0.50952210E+00
  0.72050000E+00  0.51164401E+00
  0.72150000E+00  0.51377032E+00
  0.72250000E+00  0.51590105E+00
  0.72350000E+00  0.51803618E+00
  0.72450000E+00  0.52017573E+00
  0.72550000E+00  0.52231968E+00
  0.72650000E+00  0.52446804E+00
  0.72750000E+00  0.52662082E+00
  0.72850000E+00  0.52877800E+00
  0.72950000E+00  0.53093959E+00
  0.73050000E+00  0.53310559E+00
  0.73150000E+00  0.53527599E+00
  0.73250000E+00  0.53745081E+00
  0.73350000E+00  0.53963004E+00
  0.73450000E+00  0.54181367E+00
  0.73550000E+00  0.54400172E+00
  0.73650000E+00  0.54619417E+00
  0.73750000E+00  0.54839104E+00
  0.73850000E+00  0.55059231E+00
  0.73950000E+00  0.55279799E+00
  0.74050000E+00  0.55500808E+00
  0.74150000E+00  0.55722258E+00
  0.74250000E+00  0.55944149E+00
  0.74350000E+00  0.56166481E+00
  0.74450000E+00  0.56389254E+00
  0.74550000E+00  0.56612467E+00
  0.74650000E+00  0.56836122E+00
  0.74750000E+00  0.57060217E+00
  0.74850000E+00  0.57284754E+00
  0.74950000E+00  0.57509731E+00
  0.75050000E+00  0.57735149E+00
  0.75150000E+00  0.57961009E+00
  0.75250000E+00  0.58187309E+00
  0.75350000E+00  0.58414050E+00
  0.75450000E+00  0.58641232E+00
  0.75550000E+00  0.58868854E+00
  0.75650000E+00  0.59096918E+00
  0.75750000E+00  0.59325423E+00
  0.75850000E+00  0.59554369E+00
  0.75950000E+00  0.59783755E+00
  0.76050000E+00  0.60013582E+00
  0.76150000E+00  0.60243851E+00
  0.76250000E+00  0.60474560E+00
  0.76350000E+00  0.60705710E+00
  0.76450000E+00  0.60937301E+00
  0.76550000E+00  0.61169333E+00
  0.76650000E+00  0.61401806E+00
  0.76750000E+00  0.61634720E+00
  0.76850000E+00  0.61868075E+00
  0.76950000E+00  0.62101871E+00
  0.77050000E+00  0.62336107E+00
  0.77150000E+00  0.62570785E+00
  0.77250000E+00  0.62805903E+00
  0.77350000E+00  0.63041462E+00
  0.77450000E+00  0.63277463E+00
  0.77550000E+00  0.63513904E+00
  0.77650000E+00  0.63750786E+00
  0.77750000E+00  0.63988109E+00
  0.77850000E+00  0.64225873E+00
  0.77950000E+00  0.64464078E+00
  0.78050000E+00  0.64702724E+00
  0.78150000E+00  0.64941810E+00
  0.78250000E+00  0.65181338E+00
  0.78350000E+00  0.65421306E+00
  0.78450000E+00  0.65661716E+00
  0.78550000E+00  0.65902566E+00
  0.78650000E+00  0.66143857E+00
  0.78750000E+00  0.66385590E+00
  0.78850000E+00  0.66627763E+00
  0.78950000E+00  0.66870377E+00
  0.79050000E+00  0.67113432E+00
  0.79150000E+00  0.67356928E+00
  0.79250000E+00  0.67600864E+00
  0.79350000E+00  0.67845242E+00
  0.79450000E+00  0.68090061E+00
  0.79550000E+00  0.68335320E+00
  0.79650000E+00  0.68581021E+00
  0.79750000E+00  0.68827162E+00
  0.79850000E+00  0.69073744E+00
  0.79950000E+00  0.69320768E+00
  0.80050000E+00  0.69568232E+00
  0.80150000E+00  0.69816137E+00
  0.80250000E+00  0.70064483E+00
  0.80350000E+00  0.70313269E+00
  0.80450000E+00  0.70562497E+00
  0.80550000E+00  0.70812166E+00
  0.80650000E+00  0.71062276E+00
  0.80750000E+00  0.71312826E+00
  0.80850000E+00  0.71563818E+00
  0.80950000E+00  0.71815250E+00
  0.81050000E+00  0.72067123E+00
  0.81150000E+00  0.72319437E+00
  0.81250000E+00  0.72572193E+00
  0.81350000E+00  0.72825389E+00
  0.81450000E+00  0.73079025E+00
  0.81550000E+00  0.73333103E+00
  0.81650000E+00  0.73587622E+00
  0.81750000E+00  0.73842582E+00
  0.81850000E+00  0.74097982E+00
  0.81950000E+00  0.74353824E+00
  0.82050000E+00  0.74610106E+00
  0.82150000E+00  0.74866830E+00
  0.82250000E+00  0.75123994E+00
  0.82350000E+00  0.75381599E+00
  0.82450000E+00  0.75639645E+00
  0.82550000E+00  0.75898132E+00
  0.82650000E+00  0.76157060E+00
  0.82750000E+00  0.76416429E+00
  0.82850000E+00  0.76676239E+00
  0.82950000E+00  0.76936490E+00
  0.83050000E+00  0.77197181E+00
  0.83150000E+00  0.77458314E+00
  0.83250000E+00  0.77719887E+00
  0.83350000E+00  0.77981902E+00
  0.83450000E+00  0.78244357E+00
  0.83550000E+00  0.78507253E+00
  0.83650000E+00  0.78770590E+00
  0.83750000E+00  0.79034369E+00
  0.83850000E+00  0.79298587E+00
  0.83950000E+00  0.79563247E+00
  0.84050000E+00  0.79828348E+00
  0.84150000E+00  0.80093890E+00
  0.84250000E+00  0.80359873E+00
  0.84350000E+00  0.80626296E+00
  0.84450000E+00  0.80893161E+00
  0.84550000E+00  0.81160466E+00
  0.84650000E+00  0.81428212E+00
  0.84750000E+00  0.81696399E+00
  0.84850000E+00  0.81965028E+00
  0.84950000E+00  0.82234097E+00
  0.85050000E+00  0.82503607E+00
  0.85150000E+00  0.82773557E+00
  0.85250000E+00  0.83043949E+00
  0.85350000E+00  0.83314782E+00
  0.85450000E+00  0.83586056E+00
  0.85550000E+00  0.83857770E+00
  0.85650000E+00  0.84129926E+00
  0.85750000E+00  0.84402522E+00
  0.85850000E+00  0.84675559E+00
  0.85950000E+00  0.84949038E+00
  0.86050000E+00  0.85222957E+00
  0.86150000E+00  0.85497317E+00
  0.86250000E+00  0.85772118E+00
  0.86350000E+00  0.86047360E+00
  0.86450000E+00  0.86323042E+00
  0.86550000E+00  0.86599166E+00
  0.86650000E+00  0.86875731E+00
  0.86750000E+00  0.87152736E+00
  0.86850000E+00  0.87430183E+00
  0.86950000E+00  0.87708070E+00
  0.87050000E+00  0.87986399E+00
  0.87150000E+00  0.88265168E+00
  0.87250000E+00  0.88544378E+00
  0.87350000E+00  0.88824029E+00
  0.87450000E+00  0.89104121E+00
  0.87550000E+00  0.89384654E+00
  0.87650000E+00  0.89665628E+00
  0.87750000E+00  0.89947042E+00
  0.87850000E+00  0.90228898E+00
  0.87950000E+00  0.90511195E+00
  0.88050000E+00  0.90793932E+00
  0.88150000E+00  0.91077110E+00
  0.88250000E+00  0.91360730E+00
  0.88350000E+00  0.91644790E+00
  0.88450000E+00  0.91929291E+00
  0.88550000E+00  0.92214233E+00
  0.88650000E+00  0.92499616E+00
  0.88750000E+00  0.92785440E+00
  0.88850000E+00  0.93071705E+00
  0.88950000E+00  0.93358411E+00
  0.89050000E+00  0.93645557E+00
  0.89150000E+00  0.93933145E+00
  0.89250000E+00  0.94221173E+00
  0.89350000E+00  0.94509643E+00
  0.89450000E+00  0.94798553E+00
  0.89550000E+00  0.95087904E+00
  0.89650000E+00  0.95377697E+00
  0.89750000E+00  0.95667930E+00
  0.89850000E+00  0.95958604E+00
  0.89950000E+00  0.96249718E+00
  0.90050000E+00  0.96541274E+00
  0.90150000E+00  0.96833271E+00
  0.90250000E+00  0.97125709E+00
  0.90350000E+00  0.97418587E+00
  0.90450000E+00  0.97711907E+00
  0.90550000E+00  0.98005667E+00
  0.90650000E+00  0.98299868E+00
  0.90750000E+00  0.98594511E+00
  0.90850000E+00  0.98889594E+00
  0.90950000E+00  0.99185118E+00
  0.91050000E+00  0.99481083E+00
  0.91150000E+00  0.99777489E+00
  0.91250000E+00  0.10000000E+01
  0.91350000E+00  0.10000000E+01
  0.91450000E+00  0.10000000E+01
  0.91550000E+00  0.10000000E+01
  0.91650000E+00  0.10000000E+01
  0.91750000E+00  0.10000000E+01
  0.91850000E+00  0.10000000E+01
  0.91950000E+00  0.10000000E+01
  0.92050000E+00  0.10000000E+01
  0.92150000E+00  0.10000000E+01
  0.92250000E+00  0.10000000E+01
  0.92350000E+00  0.10000000E+01
  0.92450000E+00  0.10000000E+01
  0.92550000E+00  0.10000000E+01
  0.92650000E+00  0.10000000E+01
  0.92750000E+00  0.10000000E+01
  0.92850000E+00  0.10000000E+01
  0.92950000E+00  0.10000000E+01
  0.93050000E+00  0.10000000E+01
  0.93150000E+00  0.10000000E+01
  0.93250000E+00  0.10000000E+01
  0.93350000E+00  0.10000000E+01
  0.93450000E+00  0.10000000E+01
  0.93550000E+00  0.10000000E+01
  0.93650000E+00  0.10000000E+01
  0.93750000E+00  0.10000000E+01
  0.93850000E+00  0.10000000E+01
  0.93950000E+00  0.10000000E+01
  0.94050000E+00  0.10000000E+01
  0.94150000E+00  0.10000000E+01
  0.94250000E+00  0.10000000E+01
  0.94350000E+00  0.10000000E+01
  0.94450000E+00  0.10000000E+01
  0.94550000E+00  0.10000000E+01
  0.94650000E+00  0.10000000E+01
  0.94750000E+00  0.10000000E+01
  0.94850000E+00  0.10000000E+01
  0.94950000E+00  0.10000000E+01
  0.95050000E+00  0.10000000E+01
  0.95150000E+00  0.10000000E+01
  0.95250000E+00  0.10000000E+01
  0.95350000E+00  0.10000000E+01
  0.95450000E+00  0.10000000E+01
  0.95550000E+00  0.10000000E+01
  0.95650000E+00  0.10000000E+01
  0.95750000E+00  0.10000000E+01
  0.95850000E+00  0.10000000E+01
  0.95950000E+00  0.10000000E+01
  0.96050000E+00  0.10000000E+01
  0.96150000E+00  0.10000000E+01
  0.96250000E+00  0.10000000E+01
  0.96350000E+00  0.10000000E+01
  0.96450000E+00  0.10000000E+01
  0.96550000E+00  0.10000000E+01
  0.96650000E+00  0.10000000E+01
  0.96750000E+00  0.10000000E+01
  0.96850000E+00  0.10000000E+01
  0.96950000E+00  0.10000000E+01
  0.97050000E+00  0.10000000E+01
  0.97150000E+00  0.10000000E+01
  0.97250000E+00  0.10000000E+01
  0.97350000E+00  0.10000000E+01
  0.97450000E+00  0.10000000E+01
  0.97550000E+00  0.10000000E+01
  0.97650000E+00  0.10000000E+01
  0.97750000E+00  0.10000000E+01
  0.97850000E+00  0.10000000E+01
  0.97950000E+00  0.10000000E+01
  0.98050000E+00  0.10000000E+01
  0.98150000E+00  0.10000000E+01
  0.98250000E+00  0.10000000E+01
  0.98350000E+00  0.10000000E+01
  0.98450000E+00  0.10000000E+01
  0.98550000E+00  0.10000000E+01
  0.98650000E+00  0.10000000E+01
  0.98750000E+00  0.10000000E+01
  0.98850000E+00  0.10000000E+01
  0.98950000E+00  0.10000000E+01
  0.99050000E+00  0.10000000E+01
  0.99150000E+00  0.10000000E+01
  0.99250000E+00  0.10000000E+01
  0.99350000E+00  0.10000000E+01
  0.99450000E+00  0.10000000E+01
  0.99550000E+00  0.10000000E+01
  0.99650000E+00  0.10000000E+01
  0.99750000E+00  0.10000000E+01
  0.99850000E+00  0.10000000E+01
  0.99950000E+00  0.10000000E+01
